47	26	27	28	29	30	31	32	33	34	35	36	37	38	39	40	41	$
48	5	6	7	8	9	14	15	16	17	18	19	20	21	22	23	24	25	30	31	32	33	$
49	5	6	7	8	9	14	15	16	17	18	19	20	21	22	23	24	25	30	31	32	33	$
50	5	6	7	8	9	14	15	16	17	18	19	20	21	22	23	24	25	30	31	32	33	$
116	19	20	21	26	27	28	29	30	31	32	33	34	35	36	37	38	39	40	41	42	43	52	53	$
117	19	20	21	26	27	28	29	30	31	32	33	34	35	36	37	38	39	40	41	42	43	52	53	59	60	$
118	19	20	21	26	27	28	29	30	31	32	33	34	35	36	37	38	39	40	41	42	43	52	53	59	60	$
119	19	20	21	26	27	28	29	30	31	32	33	34	35	36	37	38	39	40	41	42	43	52	53	59	60	$
120	59	60	116	117	118	119	$
122	116	117	118	119	$
124	116	117	118	119	$
125	116	117	118	119	$
126	116	117	118	119	$
127	116	117	118	119	$
135	116	117	118	119	$
136	116	117	118	119	$
143	116	117	118	119	$
144	116	117	118	119	$
145	116	117	118	119	$
146	116	117	118	119	$
147	116	117	118	119	$
148	48	49	50	116	117	118	119	$
149	48	49	50	$
150	48	49	50	116	117	118	119	$
151	48	49	50	$
152	48	49	50	116	117	118	119	$
153	48	49	50	$
154	48	49	50	116	117	118	119	$
155	48	49	50	$
156	48	49	50	$
157	48	49	50	$
158	48	49	50	$
159	48	49	50	$
160	48	49	50	$
161	48	49	50	$
162	48	49	50	$
163	48	49	50	$
166	48	49	50	$
167	48	49	50	$
196	26	27	28	29	30	31	32	33	34	35	36	37	38	39	40	42	52	53	120	122	124	125	126	127	135	136	143	144	145	146	147	148	150	152	154	157	159	161	163	164	165	175	176	177	183	184	185	$
197	59	$
198	5	6	7	8	9	10	11	12	13	14	15	16	17	18	19	20	21	22	23	24	25	26	27	28	29	30	31	32	33	34	35	36	37	38	39	40	42	43	52	53	120	121	122	123	124	125	126	127	135	136	143	144	145	146	147	148	149	150	151	152	153	154	155	156	157	158	159	160	161	162	163	164	165	166	167	172	175	176	177	183	184	185	186	187	188	189	190	191	192	193	194	195	$
199	5	6	7	8	9	14	15	16	17	18	19	20	21	22	23	24	25	30	31	32	33	59	60	124	125	126	127	143	144	145	146	147	148	149	150	151	152	153	154	155	156	157	158	159	160	161	162	163	166	168	169	$
200	5	6	7	8	9	14	15	16	17	18	19	20	21	22	23	24	25	30	31	32	33	149	151	153	155	156	157	158	159	160	161	162	163	168	169	$
201	26	27	28	29	30	31	32	33	34	35	36	37	38	39	40	42	43	48	49	50	52	53	120	121	122	123	124	125	126	127	135	136	143	144	145	146	147	148	150	152	154	157	159	161	163	164	165	175	176	177	183	184	185	186	187	188	189	190	191	192	193	194	195	198	199	200	$
202	48	49	50	59	60	199	200	$
203	26	27	28	29	30	31	32	33	34	35	36	37	38	39	40	42	43	48	49	50	52	53	120	121	122	123	124	125	126	127	135	136	143	144	145	146	147	148	149	150	151	152	153	154	155	156	157	158	159	160	161	162	163	186	187	188	189	190	191	192	193	194	195	199	200	$
204	48	49	50	59	60	199	200	$
205	19	20	21	26	27	28	29	30	31	32	33	34	35	36	37	38	39	40	42	43	52	53	120	121	122	123	124	125	126	127	135	136	143	144	145	146	147	148	149	150	151	152	153	154	155	164	165	175	176	177	183	184	185	186	187	188	189	190	191	192	193	194	195	$
206	19	20	21	26	27	28	29	30	31	32	33	34	35	36	37	38	39	40	42	43	59	60	120	121	122	123	124	125	126	127	135	136	143	144	145	146	147	148	149	150	151	152	153	154	155	164	165	175	176	177	183	184	185	$
207	19	20	21	59	60	$
208	174	176	181	182	198	205	206	$
209	174	176	181	182	198	205	206	$
210	174	176	181	182	198	205	206	$
211	19	20	21	174	176	181	182	198	205	206	$
215	26	27	28	29	30	31	32	33	34	35	36	37	38	39	40	42	120	122	124	125	126	127	135	136	143	144	145	146	147	148	150	152	154	164	165	175	176	177	183	184	185	198	$
216	26	27	28	29	30	31	32	33	34	35	36	37	38	39	40	42	59	120	122	124	125	126	127	135	136	143	144	145	146	147	148	150	152	154	164	165	175	176	177	183	184	185	198	$
217	59	$
220	198	201	203	205	206	$
221	198	201	203	205	206	$
222	198	201	203	205	206	$
227	19	20	21	26	27	28	29	30	31	32	33	34	35	36	37	38	39	40	42	43	52	53	120	121	122	123	124	125	126	127	135	136	143	144	145	146	147	148	149	150	151	152	153	154	155	157	159	161	163	164	165	175	176	177	183	184	185	186	187	188	189	190	191	192	193	194	195	220	221	222	$
228	19	20	21	26	27	28	29	30	31	32	33	34	35	36	37	38	39	40	42	43	52	53	59	60	120	121	122	123	124	125	126	127	135	136	143	144	145	146	147	148	149	150	151	152	153	154	155	157	159	161	163	164	165	175	176	177	183	184	185	186	187	188	189	190	191	192	193	194	195	220	221	222	$
229	59	60	198	$
230	19	20	21	26	27	28	29	30	31	32	33	34	35	36	37	38	39	40	42	43	52	53	120	121	122	123	135	136	148	149	150	151	152	153	154	155	157	159	161	163	164	165	175	176	177	183	184	185	186	187	188	189	190	191	192	193	194	195	198	220	221	222	$
231	19	20	21	26	27	28	29	30	31	32	33	34	35	36	37	38	39	40	42	43	59	60	120	121	122	123	135	136	148	149	150	151	152	153	154	155	157	159	161	163	164	165	175	176	177	183	184	185	186	187	188	189	190	191	192	193	194	195	198	220	221	222	$
232	19	20	21	26	27	28	29	30	31	32	33	34	35	36	37	38	39	40	42	43	59	60	120	121	122	123	135	136	198	$
233	44	49	51	59	60	86	87	91	92	96	97	101	102	133	134	139	140	143	146	156	158	160	162	198	205	206	227	228	230	231	$
234	44	49	51	86	87	91	92	96	97	101	102	133	134	139	140	143	146	156	158	160	162	198	205	206	227	228	230	231	$
235	198	$
241	26	27	28	29	30	31	32	33	34	35	36	37	38	39	40	42	59	116	117	118	119	120	122	124	125	126	127	135	136	143	144	145	146	147	148	150	152	154	164	165	220	221	222	$
242	26	27	28	29	30	31	32	33	34	35	36	37	38	39	40	42	59	116	117	118	119	120	122	124	125	126	127	135	136	143	144	145	146	147	148	150	152	154	164	165	220	221	222	$
243	5	6	7	8	9	10	11	12	13	14	15	16	17	18	19	20	21	22	23	24	25	26	27	28	29	30	31	32	33	34	35	36	37	38	39	40	42	43	46	47	48	49	50	51	52	53	59	60	67	68	73	76	78	81	83	85	86	87	88	89	90	91	92	93	94	95	96	97	98	99	100	101	102	103	104	105	116	117	118	119	120	121	122	123	124	125	126	127	128	129	130	135	136	137	138	139	140	141	142	143	144	145	146	147	148	149	150	151	152	153	154	155	156	157	158	159	160	161	162	163	164	165	166	168	169	172	175	176	177	178	179	180	183	184	185	186	187	188	189	190	191	192	193	194	195	196	201	203	208	209	210	211	212	217	218	219	220	221	222	223	224	225	230	231	232	233	234	235	236	237	238	239	240	241	242	$
244	5	6	7	8	9	10	11	12	13	14	15	16	17	18	19	20	21	22	23	24	25	26	27	28	29	30	31	32	33	34	35	36	37	38	39	40	42	43	46	47	48	49	50	51	52	53	59	60	67	68	73	76	78	81	83	85	86	87	88	89	90	91	92	93	94	95	96	97	98	99	100	101	102	103	104	105	116	117	118	119	120	121	122	123	124	125	126	127	128	129	130	135	136	137	138	139	140	141	142	143	144	145	146	147	148	149	150	151	152	153	154	155	156	157	158	159	160	161	162	163	164	165	166	168	169	172	175	176	177	178	179	180	183	184	185	186	187	188	189	190	191	192	193	194	195	196	201	203	208	209	210	211	212	217	218	219	220	221	222	223	224	225	230	231	232	233	234	235	236	237	238	239	240	241	242	$
245	5	6	7	8	9	10	11	12	13	14	15	16	17	18	19	20	21	22	23	24	25	26	27	28	29	30	31	32	33	34	35	36	37	38	39	40	42	43	46	47	48	49	50	51	52	53	59	60	67	68	73	76	78	81	83	85	86	87	88	89	90	91	92	93	94	95	96	97	98	99	100	101	102	103	104	105	116	117	118	119	120	121	122	123	124	125	126	127	128	129	130	135	136	137	138	139	140	141	142	143	144	145	146	147	148	149	150	151	152	153	154	155	156	157	158	159	160	161	162	163	164	165	166	168	169	172	175	176	177	178	179	180	183	184	185	186	187	188	189	190	191	192	193	194	195	196	201	203	208	209	210	211	212	217	218	219	220	221	222	223	224	225	230	231	232	233	234	235	236	237	238	239	240	241	242	$
246	5	6	7	8	9	10	11	12	13	14	15	16	17	18	19	20	21	22	23	24	25	26	27	28	29	30	31	32	33	34	35	36	37	38	39	40	42	43	46	47	48	49	50	51	52	53	59	60	67	68	73	76	78	81	83	85	86	87	88	89	90	91	92	93	94	95	96	97	98	99	100	101	102	103	104	105	120	121	122	123	124	125	126	127	128	129	130	135	136	137	138	139	140	141	142	143	144	145	146	147	148	149	150	151	152	153	154	155	156	157	158	159	160	161	162	163	164	165	166	168	169	172	175	176	177	178	179	180	183	184	185	186	187	188	189	190	191	192	193	194	195	196	201	203	208	209	210	211	212	217	218	219	220	221	222	223	224	225	230	231	232	233	234	235	236	237	238	239	240	241	242	$
249	51	174	176	181	182	$
250	51	174	176	181	182	$
251	26	27	28	29	30	31	32	33	34	35	36	37	38	39	40	48	49	50	199	200	243	244	245	246	$
252	26	27	28	29	30	31	32	33	34	35	36	37	38	39	40	48	49	50	199	200	243	244	245	246	$
253	48	49	50	199	200	243	244	245	246	$
254	243	244	245	246	$
255	243	244	245	246	$
256	26	27	28	29	30	31	32	33	34	35	36	37	38	39	40	243	244	245	246	$
257	198	205	206	227	228	230	231	243	244	245	246	$
258	48	49	50	199	200	243	244	245	246	$
259	116	117	118	119	198	205	206	227	228	230	231	243	244	245	246	$
260	26	27	28	29	30	31	32	33	34	35	36	37	38	39	40	116	117	118	119	124	125	126	127	143	144	145	146	147	148	150	152	154	220	221	222	243	244	245	246	$
261	26	27	28	29	30	31	32	33	34	35	36	37	38	39	40	116	117	118	119	124	125	126	127	143	144	145	146	147	148	150	152	154	164	165	220	221	222	243	244	245	246	$
262	26	27	28	29	30	31	32	33	34	35	36	37	38	39	40	124	125	126	127	243	244	245	246	$
263	26	27	28	29	30	31	32	33	34	35	36	37	38	39	40	116	117	118	119	124	125	126	127	143	144	145	146	147	148	150	152	154	164	165	220	221	222	243	244	245	246	$
264	26	27	28	29	30	31	32	33	34	35	36	37	38	39	40	116	117	118	119	124	125	126	127	143	144	145	146	147	148	150	152	154	164	165	220	221	222	243	244	245	246	$
265	26	27	28	29	30	31	32	33	34	35	36	37	38	39	40	116	117	118	119	124	125	126	127	143	144	145	146	147	148	150	152	154	164	165	220	221	222	243	244	245	246	$
266	26	27	28	29	30	31	32	33	34	35	36	37	38	39	40	116	117	118	119	124	125	126	127	143	144	145	146	147	148	150	152	154	164	165	220	221	222	243	244	245	246	$
267	124	125	126	127	243	244	245	246	$
268	243	244	245	246	$
301	196	198	205	206	227	228	230	231	243	244	245	246	$
302	49	198	199	200	205	206	227	228	230	231	243	244	245	246	$
303	19	20	21	26	27	28	29	30	31	32	33	34	35	36	37	38	39	40	42	43	52	53	120	121	122	123	124	125	126	127	135	136	143	144	145	146	147	148	149	150	151	152	153	154	155	156	157	158	159	160	161	162	163	164	165	175	176	177	183	184	185	186	187	188	189	190	191	192	193	194	195	198	205	206	208	209	210	211	220	221	222	227	228	230	231	243	244	245	246	257	$
304	59	60	116	117	118	119	198	205	206	227	228	230	231	243	244	245	246	$
305	116	117	118	119	198	199	200	205	206	227	228	230	231	243	244	245	246	$
313	199	200	$
314	199	200	$
321	199	200	$
322	199	200	$
323	199	200	$
324	199	200	$
333	199	200	$
335	199	200	$
338	199	200	$
344	199	200	$
345	199	200	$
346	199	200	$
347	199	200	$
348	199	200	$
349	199	200	$
350	199	200	$
351	199	200	$
352	199	200	$
353	199	200	$
354	199	200	$
355	199	200	$
